5104143327
5108083099
5109701031
5108570438
5109330002
5105050562
5105722898
5101814968
5109780255
5106891719
5106178032
5103047199
5103717415
5102744318
5106483261
5108305331
5106735833
5104709082
5107121598
5108178230
5105999562
5103261536
5108982634
5106518832
5101197656
5106278673
5105685344
5101360707
5104907111
5101371243
5108363312
5109710509
5107378642
5109983196
5104187765
5105622428
5109851454
5105702582
5103563827
5104297355
5101146356
5108454610
5101213439
5102817974
5109348640
5102084099
5103403722
5107935308
5108175168
5108884007
5104337099
5103936764
5108481614
5106518180
5109278374
5104056432
5104700547
5104534472
5109822484
5102705966
5103921988
5106654547
5106806018
5108179848
5101523408
5109741271
5104510618
5106028455
5105908257
5107140670
5106098742
5104746816
5104832240
5104845357
5108948959
5106421305
5105128271
5101479402
5101016878
5107686119
5103457143
5101670801
5101962938
5106333043
5101108135
5105491884
5101321426
5104429628